0.8959702
0.8640297
0.9101006
0.5756949
0.784818
0.8114322
0.6451109
0.6898061
0.7008229
0.4951414
0.642713
0.6090448
0.7517082
0.7129951
0.7339546
0.7661621
0.648696
0.8144991
0.8491633
0.6465795
0.6617882
0.7472726
0.8012667
0.5657941
0.7096258
0.7343244
0.8476493
0.6052432
0.6275944
0.7042896
0.7373827
0.9034524
0.8286152
0.8641121
0.3523579
0.8143218
0.7001091
0.7069132
0.5352929
0.8114055
0.5117289
0.7317931
0.9247494
0.7391079
0.6601133
0.8008497
0.5744202
0.758948
0.5382527
0.7036871
0.5941923
0.6789264
0.7272679
0.7140872
0.8487303
0.68205
0.8939438
0.619861
0.8618648
0.751032
0.6995784
0.5300659
0.7442011
0.6698491
0.7891007
0.7139619
0.6517169
0.7381542
0.7546955
0.8375755
0.6328821
0.522124
0.743901
0.8279702
0.6436639
0.4735152
0.8876819
0.777381
0.9295751
0.717041
0.7642676
0.8345203
0.7099322
0.8900207
0.8458884
0.8496483
0.8030667
0.6171086
0.7387764
0.8693357
0.7431357
0.7948124
0.7976821
0.7153299
0.7289039
0.5584942
0.6123608
0.7943222
0.626776
0.6034879
